V 54
K 1
D 0 -3048000 4064000 1524000
Y 1
U 3683000 1524000 254000 0 2 3 REFDES=IC?
U 3683000 1270000 254000 0 2 3 DEVICE=LSM6DSV16BXTR
U 3683000 1016000 254000 0 2 0 PKG_TYPE=LSM6DSV16BXTR
U 3683000 762000 254000 0 2 0 Description=6-axis IMU (inertial measurement unit) with embedded sensor fusion, AI, Qvar and hearable features for TWS
U 3683000 508000 254000 0 2 0 Datasheet Link=https://www.st.com/resource/en/datasheet/lsm6dsv16bx.pdf
U 3683000 254000 254000 0 2 0 Height=0.74
U 3683000 0 254000 0 2 0 Manufacturer_Name=STMicroelectronics
U 3683000 -254000 254000 0 2 0 Manufacturer_Part_Number=LSM6DSV16BXTR
U 3683000 -508000 254000 0 2 0 Mouser Part Number=511-LSM6DSV16BXTR
U 3683000 -762000 254000 0 2 0 Mouser Price/Stock=https://www.mouser.co.uk/ProductDetail/STMicroelectronics/LSM6DSV16BXTR?qs=vvQtp7zwQdMXKB4RqH7GHQ%3D%3D
U 3683000 -1016000 254000 0 2 0 Arrow Part Number=LSM6DSV16BXTR
U 3683000 -1270000 254000 0 2 0 Arrow Price/Stock=https://www.arrow.com/en/products/lsm6dsv16bxtr/stmicroelectronics?utm_currency=USD&region=nac
U 0 0 254000 0 1 0 FORWARD_PCB=1
l 5 508000 1016000 3556000 1016000 3556000 -2540000 508000 -2540000 508000 1016000
|GRPHSTL -1 -1 -1 1
P 1 0 0 508000 0 0 2 0
L 584200 0 228600 0 2 0 1 0 SDO/SA0
A 355600 50800 203200 0 9 3 #=1
A 0 0 9 0 3 0 PINTYPE=BI
P 2 0 -254000 508000 -254000 0 2 0
L 584200 -254000 228600 0 2 0 1 0 TDMOUT
A 355600 -203200 203200 0 9 3 #=2
A 0 0 9 0 3 0 PINTYPE=BI
P 3 0 -508000 508000 -508000 0 2 0
L 584200 -508000 228600 0 2 0 1 0 BCLK
A 355600 -457200 203200 0 9 3 #=3
A 0 0 9 0 3 0 PINTYPE=BI
P 4 0 -762000 508000 -762000 0 2 0
L 584200 -762000 228600 0 2 0 1 0 INT1
A 355600 -711200 203200 0 9 3 #=4
A 0 0 9 0 3 0 PINTYPE=BI
P 5 1778000 -3048000 1778000 -2540000 0 1 0
L 1778000 -2463800 228600 1 2 0 1 0 VDD_IO
A 1727200 -2692400 203200 1 9 3 #=5
A 0 0 9 0 3 0 PINTYPE=BI
P 6 2032000 -3048000 2032000 -2540000 0 1 0
L 2032000 -2463800 228600 1 2 0 1 0 AH1/QVAR1
A 1981200 -2692400 203200 1 9 3 #=6
A 0 0 9 0 3 0 PINTYPE=BI
P 7 2286000 -3048000 2286000 -2540000 0 1 0
L 2286000 -2463800 228600 1 2 0 1 0 GND
A 2235200 -2692400 203200 1 9 3 #=7
A 0 0 9 0 3 0 PINTYPE=BI
P 8 4064000 -762000 3556000 -762000 0 3 0
L 3479800 -762000 228600 0 8 0 1 0 VDD
A 3708400 -711200 203200 0 3 3 #=8
A 0 0 9 0 3 0 PINTYPE=BI
P 9 4064000 -508000 3556000 -508000 0 3 0
L 3479800 -508000 228600 0 8 0 1 0 AH2/QVAR2
A 3708400 -457200 203200 0 3 3 #=9
A 0 0 9 0 3 0 PINTYPE=BI
P 10 4064000 -254000 3556000 -254000 0 3 0
L 3479800 -254000 228600 0 8 0 1 0 INT2
A 3708400 -203200 203200 0 3 3 #=10
A 0 0 9 0 3 0 PINTYPE=BI
P 11 4064000 0 3556000 0 0 3 0
L 3479800 0 228600 0 8 0 1 0 WCLK
A 3708400 50800 203200 0 3 3 #=11
A 0 0 9 0 3 0 PINTYPE=BI
P 12 2286000 1524000 2286000 1016000 0 0 0
L 2286000 939800 228600 1 8 0 1 0 CS
A 2235200 1168400 203200 1 3 3 #=12
A 0 0 9 0 3 0 PINTYPE=BI
P 13 2032000 1524000 2032000 1016000 0 0 0
L 2032000 939800 228600 1 8 0 1 0 SCL
A 1981200 1168400 203200 1 3 3 #=13
A 0 0 9 0 3 0 PINTYPE=BI
P 14 1778000 1524000 1778000 1016000 0 0 0
L 1778000 939800 228600 1 8 0 1 0 SDA
A 1727200 1168400 203200 1 3 3 #=14
A 0 0 9 0 3 0 PINTYPE=BI
E
